1.193665266036987305e+00
4.005420804023742676e-01
-3.348794579505920410e-01
-1.876300126314163208e-01
6.430079936981201172e-01
-5.521740317344665527e-01
-3.513470292091369629e-01
1.396308243274688721e-01
3.148269951343536377e-01
-1.013223528861999512e+00
6.209703087806701660e-01
-2.645357251167297363e-01
1.986941993236541748e-01
6.695717573165893555e-01
-3.892210498452186584e-02
-4.908769726753234863e-01
3.682176470756530762e-01
-1.310380250215530396e-01
9.347161650657653809e-01
-2.581348121166229248e-01
-4.394043087959289551e-01
-2.937285304069519043e-01
2.083709686994552612e-01
3.212822377681732178e-01
3.007428348064422607e-01
-3.689777851104736328e-02
2.221275269985198975e-01
-4.218190908432006836e-01
4.344811290502548218e-02
4.484528005123138428e-01
1.107890307903289795e-01
1.261257976293563843e-01
-9.406094551086425781e-01
5.235769152641296387e-01
2.095856964588165283e-01
2.105982601642608643e-01
-1.142188310623168945e+00
-2.890207171440124512e-01
6.857821941375732422e-01
-4.750266671180725098e-01
-2.029270827770233154e-01
-4.496197775006294250e-02
1.589661538600921631e-01
4.929409027099609375e-01
-4.733819365501403809e-01
-1.479176878929138184e+00
1.705837696790695190e-01
6.324128508567810059e-01
3.870500326156616211e-01
8.427562713623046875e-01
-6.478823423385620117e-01
4.547406435012817383e-01
8.541194796562194824e-01
-2.637254297733306885e-01
1.998502761125564575e-01
-6.835437417030334473e-01
-1.538880318403244019e-01
-7.154617458581924438e-02
-1.165121436119079590e+00
-2.817718982696533203e-01
3.832127153873443604e-01
7.762371003627777100e-02
1.036228299140930176e+00
1.337146013975143433e-01
6.070983409881591797e-01
-5.700584053993225098e-01
-1.688929200172424316e-01
2.517688870429992676e-01
2.892401218414306641e-01
6.512199044227600098e-01
5.989957451820373535e-01
9.610592573881149292e-02
2.172590643167495728e-01
3.487316071987152100e-01
-1.143319681286811829e-01
-5.846216902136802673e-02
-7.180563211441040039e-01
4.342051744461059570e-01
-4.822431206703186035e-01
3.028111457824707031e-01
-1.964320987462997437e-02
6.914450526237487793e-01
3.550570309162139893e-01
-3.820508122444152832e-01
6.616581678390502930e-01
8.333227634429931641e-01
1.779600083827972412e-01
2.599296867847442627e-01
-1.078020334243774414e+00
-3.005310893058776855e-02
9.367258548736572266e-01
-1.090549305081367493e-01
2.964880466461181641e-01
-5.054836273193359375e-01
-5.657838582992553711e-01
-3.538122773170471191e-02
1.091749444603919983e-01
-1.776237040758132935e-01
-4.258187115192413330e-02
7.845720648765563965e-01
3.491252362728118896e-01
2.393998354673385620e-01
7.565687410533428192e-03
8.321825265884399414e-01
-7.246997952461242676e-01
8.205548524856567383e-01
5.784369707107543945e-01
2.384883761405944824e-01
1.565494760870933533e-02
6.388662010431289673e-02
1.520047336816787720e-01
-1.135438606142997742e-01
-1.770214177668094635e-02
1.519345641136169434e-01
-7.648473978042602539e-02
-1.233678907155990601e-01
1.231788277626037598e+00
-1.229237556457519531e+00
1.313258260488510132e-01
4.879091680049896240e-01
-2.446877062320709229e-01
-5.498516559600830078e-01
1.345470100641250610e-01
1.195442825555801392e-01
-2.422723323106765747e-01
-2.017637789249420166e-01
6.538035869598388672e-01
8.292794823646545410e-01
