6.545946598052978516e-01
-7.674467563629150391e-02
-3.573055267333984375e-01
-2.297456562519073486e-01
8.486644029617309570e-01
-3.977105617523193359e-01
-4.931931197643280029e-01
-2.426196783781051636e-01
1.720500737428665161e-01
-6.055921912193298340e-01
5.759184360504150391e-01
-4.250294864177703857e-01
6.809447705745697021e-02
-2.131246924400329590e-01
1.309652179479598999e-01
-2.226946651935577393e-01
4.024280607700347900e-01
5.152402073144912720e-02
8.676860928535461426e-01
-3.130177557468414307e-01
-7.632696032524108887e-01
-3.707341551780700684e-01
2.148457430303096771e-02
1.183756366372108459e-01
2.886826694011688232e-01
-1.850893795490264893e-01
3.156053721904754639e-01
-9.275771975517272949e-01
8.126177638769149780e-02
4.328435659408569336e-01
-2.550763189792633057e-01
1.291722152382135391e-02
-1.366005897521972656e+00
4.045148193836212158e-01
3.054331429302692413e-02
-3.218683898448944092e-01
-7.858875393867492676e-01
4.111703485250473022e-03
4.431217908859252930e-01
1.038462296128273010e-02
-1.607209593057632446e-01
-2.140062302350997925e-01
2.336093932390213013e-01
8.650063723325729370e-02
-1.564044654369354248e-01
-1.719217300415039062e+00
-1.520182639360427856e-01
7.073633074760437012e-01
2.679318785667419434e-01
6.778042912483215332e-01
-3.821223080158233643e-01
7.929874062538146973e-01
6.746852993965148926e-01
3.745332062244415283e-01
3.394491076469421387e-01
-6.558329463005065918e-01
3.385864198207855225e-01
3.321244120597839355e-01
-6.925888657569885254e-01
-2.053040713071823120e-01
-1.289049088954925537e-01
-4.326392710208892822e-02
8.485000729560852051e-01
1.495693027973175049e-01
1.708457246422767639e-03
-3.108635842800140381e-01
-1.255740374326705933e-01
2.298005372285842896e-01
1.351919770240783691e-01
5.650284886360168457e-01
3.859221339225769043e-01
1.736612617969512939e-01
-3.849660977721214294e-02
5.500276684761047363e-01
2.017245590686798096e-01
3.034115731716156006e-01
-5.719249844551086426e-01
1.595544815063476562e-01
-5.497875213623046875e-01
1.753385365009307861e-01
-4.784674346446990967e-01
6.725633740425109863e-01
3.048205077648162842e-01
-6.936319172382354736e-02
5.687506198883056641e-01
1.321033954620361328e+00
3.583955466747283936e-01
7.527885586023330688e-02
-5.445995926856994629e-01
-1.051555722951889038e-01
6.154810190200805664e-01
-2.399445027112960815e-01
3.860031366348266602e-01
-1.126700937747955322e-01
-7.970058321952819824e-01
-2.380145490169525146e-01
3.509835600852966309e-01
-1.376196593046188354e-01
8.316892385482788086e-02
1.083261132240295410e+00
3.002091348171234131e-01
2.852928042411804199e-01
-1.790588796138763428e-01
6.448422670364379883e-01
-4.320539832115173340e-01
8.527451753616333008e-01
4.815729558467864990e-01
6.555142998695373535e-02
-9.543220698833465576e-02
-1.440747976303100586e-01
1.209042072296142578e-01
-3.811179995536804199e-01
2.201461642980575562e-01
4.533003568649291992e-01
-7.890769094228744507e-02
-2.552532553672790527e-01
1.066830992698669434e+00
-7.587948441505432129e-01
1.809187680482864380e-01
6.316598653793334961e-01
-2.099082320928573608e-01
-4.356529712677001953e-01
4.596264660358428955e-01
-4.666262269020080566e-01
-1.174254193902015686e-01
-4.197936356067657471e-01
6.608141660690307617e-01
6.993404030799865723e-01
