1.587550193071365356e-01
7.776223868131637573e-02
-2.567350268363952637e-01
-1.440795212984085083e-01
6.803443431854248047e-01
-1.229877769947052002e-01
2.544443309307098389e-01
2.196776866912841797e-01
-5.525085702538490295e-02
2.208638042211532593e-01
1.002040226012468338e-02
-4.582885205745697021e-01
-5.629035830497741699e-02
-1.948119252920150757e-01
1.662886887788772583e-01
3.283657133579254150e-01
-3.489376902580261230e-01
-1.926949769258499146e-01
-1.481996178627014160e-01
-2.679817974567413330e-01
-4.985205084085464478e-02
1.135351657867431641e-01
4.865302145481109619e-01
-5.845848470926284790e-02
-1.843997277319431305e-02
-5.834113359451293945e-01
-2.025397419929504395e-01
1.392875052988529205e-02
1.735452115535736084e-01
3.309465944766998291e-03
2.118666470050811768e-01
8.944375067949295044e-02
-1.088642776012420654e-01
4.187157154083251953e-01
-3.661242723464965820e-01
-2.086633145809173584e-01
9.581238031387329102e-03
-2.120981737971305847e-02
-8.826813101768493652e-02
-7.649555802345275879e-02
-2.093438953161239624e-01
8.968906104564666748e-02
-6.978925317525863647e-02
1.664350181818008423e-02
-4.002968072891235352e-01
-2.332252562046051025e-01
-2.478507757186889648e-01
4.551697969436645508e-01
3.259993791580200195e-01
1.164526119828224182e-01
-2.368207424879074097e-01
1.811879575252532959e-01
4.804960191249847412e-01
2.547821402549743652e-01
4.905360937118530273e-01
2.442622184753417969e-01
-2.579319179058074951e-01
2.840813398361206055e-01
-2.112931609153747559e-01
1.253571510314941406e-01
6.876570582389831543e-01
3.585388958454132080e-01
4.282067418098449707e-01
-7.615374922752380371e-01
5.878620594739913940e-02
-5.910964608192443848e-01
-2.174990028142929077e-01
7.104563117027282715e-01
-5.609813332557678223e-01
2.275389581918716431e-01
2.492175996303558350e-01
1.499675214290618896e-02
4.377609491348266602e-01
-2.080443501472473145e-01
-4.037879705429077148e-01
-1.873293817043304443e-01
6.510061025619506836e-01
-1.877071559429168701e-01
-3.801514208316802979e-01
6.473275423049926758e-01
-1.820107698440551758e-01
-7.928825020790100098e-01
-5.027505755424499512e-01
-3.554484546184539795e-01
2.967191636562347412e-01
-1.334712505340576172e-01
-5.348141118884086609e-02
-5.245255306363105774e-02
-6.952365636825561523e-01
7.077539563179016113e-01
5.215583369135856628e-03
3.914725482463836670e-01
3.666700050234794617e-02
-2.930393218994140625e-01
1.974113583564758301e-01
-1.430341601371765137e-01
-1.469103619456291199e-02
-1.093707680702209473e-01
-3.342132866382598877e-01
-8.603887259960174561e-02
-2.762652039527893066e-01
2.142895162105560303e-01
-3.289249837398529053e-01
2.818739116191864014e-01
-4.433616995811462402e-01
2.707942128181457520e-01
-1.620277911424636841e-01
2.311000823974609375e-01
3.188957870006561279e-01
3.017061352729797363e-01
-6.771211326122283936e-02
2.443610876798629761e-02
-7.307944446802139282e-02
-5.457354784011840820e-01
-4.868256673216819763e-02
-2.233636826276779175e-01
-2.815610468387603760e-01
-2.242147624492645264e-01
-5.377565622329711914e-01
1.752405017614364624e-01
-2.432606518268585205e-01
-2.306964099407196045e-01
-3.146585822105407715e-01
2.104205787181854248e-01
4.359302520751953125e-01
-2.554400265216827393e-01
1.610621660947799683e-01
2.588976025581359863e-01
