-2.177354693412780762e-01
-6.263494491577148438e-01
7.861126214265823364e-02
-4.271928668022155762e-01
-1.877474337816238403e-01
1.879362612962722778e-01
1.499226689338684082e-01
-2.449110597372055054e-01
-4.525130093097686768e-01
3.003564476966857910e-01
-1.452333182096481323e-01
-3.542237281799316406e-01
7.268432974815368652e-01
2.580991685390472412e-01
-4.766947627067565918e-01
-1.800977587699890137e-01
2.199635654687881470e-01
5.014660954475402832e-02
7.346879690885543823e-02
-5.030867457389831543e-01
-4.830756783485412598e-01
8.396057784557342529e-02
5.039516687393188477e-01
3.906902968883514404e-01
2.821009457111358643e-01
-2.354862689971923828e-01
-1.990302801132202148e-01
-6.557704210281372070e-01
1.318347007036209106e-01
4.418318867683410645e-01
3.876108825206756592e-01
4.992381483316421509e-02
-2.622792422771453857e-01
3.875242769718170166e-01
-1.688293069601058960e-01
4.139130711555480957e-01
-1.104199290275573730e+00
-4.795737564563751221e-02
7.960787415504455566e-02
-4.220727682113647461e-01
-3.363360166549682617e-01
2.992565333843231201e-01
-2.661576867103576660e-01
3.039269447326660156e-01
2.062191963195800781e-01
4.830406308174133301e-01
-6.552740186452865601e-02
1.171734213829040527e+00
3.237920403480529785e-01
4.926804006099700928e-01
-5.956270694732666016e-01
3.694924414157867432e-01
-1.149699091911315918e-01
-1.353719234466552734e-01
-1.852216422557830811e-01
-9.808546304702758789e-02
2.930875420570373535e-01
-4.034631252288818359e-01
2.559828758239746094e-01
4.289967119693756104e-01
-7.613845169544219971e-03
1.995381712913513184e-01
5.283188819885253906e-01
-1.551055721938610077e-02
3.970950841903686523e-02
1.539927273988723755e-01
-2.592726051807403564e-01
4.284640550613403320e-01
2.335541844367980957e-01
6.726579070091247559e-01
2.876979410648345947e-01
-4.296705722808837891e-01
1.910147219896316528e-01
3.874194324016571045e-01
9.610155597329139709e-03
-4.858651459217071533e-01
1.163950413465499878e-01
-3.011112101376056671e-02
-5.059698820114135742e-01
-8.751728534698486328e-01
-2.552934288978576660e-01
1.031554713845252991e-01
-3.481960296630859375e-01
5.466452240943908691e-01
-1.447791606187820435e-01
-3.219662308692932129e-01
-5.367005616426467896e-02
-4.330455064773559570e-01
-3.993322253227233887e-01
-3.259281516075134277e-01
1.314876973628997803e-01
7.178124040365219116e-02
-8.489734493196010590e-03
2.709155082702636719e-01
-3.815766274929046631e-01
-2.948428988456726074e-01
5.051596760749816895e-01
-6.407642960548400879e-01
5.195730328559875488e-01
1.155655860900878906e+00
-7.426449656486511230e-01
5.238626599311828613e-01
3.168814778327941895e-01
3.602612614631652832e-01
5.968829989433288574e-01
-1.440190374851226807e-01
1.113809272646903992e-01
8.085947036743164062e-01
-4.822497665882110596e-01
3.752674162387847900e-01
-6.685353517532348633e-01
-2.290543317794799805e-01
-5.650424957275390625e-01
1.430391222238540649e-01
1.949847042560577393e-01
5.739679932594299316e-01
2.406357228755950928e-01
-6.855747699737548828e-01
5.288996100425720215e-01
-6.248290836811065674e-02
2.282245010137557983e-01
-2.482859194278717041e-01
4.702219367027282715e-01
8.637399971485137939e-02
-5.036225914955139160e-02
4.710333347320556641e-01
4.615766108036041260e-01
1.792675554752349854e-01
