-3.281945288181304932e-01
-4.518198966979980469e-01
-3.951620757579803467e-01
-5.208482742309570312e-01
-4.333009719848632812e-01
2.897563576698303223e-01
6.709858775138854980e-02
-1.100003719329833984e-01
2.516486346721649170e-01
5.143604278564453125e-01
-1.206601858139038086e-01
8.767195045948028564e-02
-8.621786236763000488e-01
1.307312250137329102e+00
-3.232862055301666260e-01
7.196377217769622803e-02
5.171260833740234375e-01
1.912365555763244629e-01
3.225868642330169678e-01
-9.794337674975395203e-03
-6.118583083152770996e-01
-6.629936099052429199e-01
-4.876473546028137207e-02
-5.975548923015594482e-02
1.324208825826644897e-01
-3.792347609996795654e-01
-2.287591099739074707e-01
1.599062681198120117e-01
4.045920372009277344e-01
8.715113997459411621e-02
6.688267588615417480e-01
-3.646681085228919983e-02
1.632796972990036011e-01
9.754604697227478027e-01
-5.231661796569824219e-01
2.168213129043579102e-01
-7.962578535079956055e-01
3.514777421951293945e-01
6.752254962921142578e-01
-5.891851782798767090e-01
-8.591000735759735107e-02
-1.244726330041885376e-01
1.849462538957595825e-01
4.466438591480255127e-01
5.006830096244812012e-01
5.471773073077201843e-02
3.182218223810195923e-02
4.725593626499176025e-01
-6.143299341201782227e-01
-2.223096191883087158e-01
-1.551513820886611938e-01
3.293073177337646484e-01
9.706019759178161621e-01
1.205704212188720703e-01
5.729374885559082031e-01
2.285304963588714600e-01
4.467083215713500977e-01
9.978859424591064453e-01
-1.545725390315055847e-04
6.869542002677917480e-01
-8.845183253288269043e-02
-1.113053485751152039e-01
8.238722681999206543e-01
-7.676815986633300781e-02
-5.585281252861022949e-01
-1.674946099519729614e-01
-4.043478667736053467e-01
3.680502176284790039e-01
-3.207148015499114990e-01
8.128053545951843262e-01
-6.466343998908996582e-02
-5.400412082672119141e-01
-4.099187999963760376e-02
5.956471562385559082e-01
-5.241753458976745605e-01
2.491174340248107910e-01
-4.451193809509277344e-01
4.751282334327697754e-01
-4.392313957214355469e-01
1.264201104640960693e-01
-1.376577019691467285e-01
1.188864111900329590e+00
5.518220663070678711e-01
-6.238957047462463379e-01
-5.750515460968017578e-01
1.981111764907836914e-01
2.227903530001640320e-02
9.744770526885986328e-01
-6.491556167602539062e-01
-5.808606743812561035e-01
5.398263931274414062e-01
-3.835402131080627441e-01
-5.097601413726806641e-01
-9.136638790369033813e-02
3.024915754795074463e-01
1.217506155371665955e-01
9.268184751272201538e-02
-6.836845874786376953e-01
6.084151566028594971e-03
8.717944025993347168e-01
-9.699002504348754883e-01
-1.976604312658309937e-01
6.371581554412841797e-01
1.217279583215713501e-02
1.822710335254669189e-01
3.114633262157440186e-01
-5.176801681518554688e-01
6.597036123275756836e-01
5.126657485961914062e-01
9.072542786598205566e-01
-2.555599510669708252e-01
-3.915006816387176514e-01
-7.775596529245376587e-02
-1.801755577325820923e-01
3.111561946570873260e-02
3.416698276996612549e-01
-4.675067365169525146e-01
2.939265072345733643e-01
5.647393688559532166e-02
8.046768307685852051e-01
8.225969076156616211e-01
-4.853080213069915771e-02
-1.772507727146148682e-01
6.662661433219909668e-01
1.927884072065353394e-01
4.224070012569427490e-01
4.973675608634948730e-01
-6.635873019695281982e-02
