2.488186359405517578e-01
-7.704794406890869141e-01
-4.680179953575134277e-01
6.668334454298019409e-02
-1.521472036838531494e-01
6.511879563331604004e-01
4.562424421310424805e-01
7.111488580703735352e-01
-2.600412815809249878e-02
3.546800613403320312e-01
5.518177151679992676e-02
-6.525966525077819824e-01
8.544450998306274414e-02
4.701111614704132080e-01
4.553773701190948486e-01
-5.284052491188049316e-01
1.047629415988922119e-01
1.139529794454574585e-01
1.434554100036621094e+00
-8.237343281507492065e-02
-7.983084321022033691e-01
-1.290484666824340820e+00
-1.624981909990310669e-01
-1.265786886215209961e-01
1.036378219723701477e-01
-6.109683513641357422e-01
1.847874000668525696e-02
-5.780460238456726074e-01
9.452086687088012695e-02
-3.085964024066925049e-01
1.157513856887817383e-01
-9.884652495384216309e-01
-3.989119082689285278e-03
8.321948647499084473e-01
1.070971786975860596e-01
-4.113529026508331299e-01
-9.273335933685302734e-01
-2.063529342412948608e-01
3.843652904033660889e-01
-1.174664497375488281e-01
-3.372427523136138916e-01
-2.988374233245849609e-01
3.078213427215814590e-03
7.062665820121765137e-01
-1.898083537817001343e-01
-5.930284261703491211e-01
7.238827347755432129e-01
7.547971606254577637e-01
-3.350526690483093262e-01
7.241230010986328125e-01
-8.909780383110046387e-01
3.740102984011173248e-03
3.116757273674011230e-01
3.408521115779876709e-01
-6.823871135711669922e-01
-1.138166666030883789e+00
1.706354916095733643e-01
5.403785705566406250e-01
-4.284676313400268555e-01
2.519394457340240479e-01
-9.304353594779968262e-02
-4.008091613650321960e-02
2.738966941833496094e-01
-3.681651651859283447e-01
-4.296642243862152100e-01
8.055518865585327148e-01
-6.095538139343261719e-01
9.479029774665832520e-01
-4.098487496376037598e-01
-5.559978634119033813e-02
3.038917779922485352e-01
-5.594369173049926758e-01
8.590440452098846436e-02
4.559681713581085205e-01
-1.396022558212280273e+00
-1.012312889099121094e+00
3.940436244010925293e-01
1.963769793510437012e-01
-8.001258969306945801e-01
-5.563454627990722656e-01
2.769131064414978027e-01
1.207209110260009766e+00
-2.119952887296676636e-01
2.794758677482604980e-01
2.213530987501144409e-01
7.260659933090209961e-01
8.411551117897033691e-01
1.082563757896423340e+00
-4.883121252059936523e-01
-1.799200177192687988e-01
6.503567695617675781e-01
-8.955340087413787842e-02
-8.498185873031616211e-02
-3.951798006892204285e-02
-4.116379320621490479e-01
-3.450577259063720703e-01
-4.150078892707824707e-01
-8.195099830627441406e-01
-5.256615579128265381e-02
3.025393187999725342e-01
-6.845819950103759766e-02
4.171513915061950684e-01
3.237355872988700867e-02
-5.498000383377075195e-01
-4.556924700736999512e-01
1.039958953857421875e+00
-4.157960712909698486e-01
1.441595405340194702e-01
-9.293924272060394287e-02
5.326108336448669434e-01
-3.169859647750854492e-01
-4.044896960258483887e-01
2.143558263778686523e-01
-3.619822263717651367e-01
-5.367806553840637207e-01
8.527749776840209961e-01
3.673670589923858643e-01
-3.646399378776550293e-01
1.906066387891769409e-01
-3.934373706579208374e-02
4.812727272510528564e-01
6.799072623252868652e-01
-5.803359746932983398e-01
8.130217194557189941e-01
2.338920086622238159e-01
-8.611200749874114990e-02
7.962768673896789551e-01
7.759551703929901123e-02
